function [F]= GPS(X)

x=X(1);
y=X(2);
z=X(3);
d=X(4);

c = 299792.458;

F(1) = ((x-15600).^2+(y-7540).^2+(z-20140).^2)-(c*(0.07074-d)).^2;
F(2) = ((x-18760).^2+(y-2750).^2+(z-18610).^2)-(c*(0.07220-d)).^2;
F(3) = ((x-17610).^2+(y-14630).^2+(z-13480).^2)-(c*(0.07690-d)).^2;
F(4) = ((x-19170).^2+(y-610).^2+(z-18390).^2)-(c*(0.07242-d)).^2;
end